9999 0 0 0 0
80 155 10 155 255
45.000719 206 206 206 255
44.634237 204 204 204 255
44.26919 202 200 201 255
43.905577 200 197 197 255
43.543399 199 192 193 255
43.182655 197 189 189 255
42.823345 195 185 185 255
42.46547 193 182 182 255
42.109029 191 178 178 255
41.754022 190 174 174 255
41.40045 188 170 171 255
41.048312 185 167 167 255
40.697609 183 163 163 255
40.34834 182 159 159 255
40.000505 181 156 156 255
39.654105 178 153 153 255
39.309139 176 149 149 255
38.965607 175 145 145 255
38.62351 173 141 141 255
38.282847 170 138 137 255
37.943619 169 134 134 255
37.605824 168 130 130 255
37.269465 165 126 126 255
36.934539 164 123 123 255
36.601048 162 119 119 255
36.268992 160 115 115 255
35.938369 158 112 111 255
35.609181 156 107 108 255
35.281428 154 104 104 255
34.955109 152 100 100 255
34.630224 150 97 97 255
34.306773 149 93 93 255
33.984757 147 89 90 255
33.664176 145 85 85 255
33.345028 143 82 82 255
33.027315 142 79 78 255
32.711037 140 75 74 255
32.396193 138 71 70 255
32.082783 136 67 67 255
31.770807 134 64 63 255
31.460266 132 60 60 255
31.151159 130 56 56 255
30.843487 128 52 53 255
30.537249 127 49 49 255
30.232445 125 45 45 255
29.929076 123 41 41 255
29.627141 121 38 38 255
29.326641 119 34 33 255
29.027575 118 30 30 255
28.729943 115 26 26 255
28.433745 114 22 22 255
28.138982 112 19 19 255
27.845654 108 13 13 255
27.553759 104 8 8 255
27.2633 110 8 8 255
26.974274 115 8 8 255
26.686683 120 8 8 255
26.400526 127 8 8 255
26.115804 135 8 8 255
25.832515 143 8 8 255
25.550662 151 8 8 255
25.270242 159 8 8 255
24.991257 167 8 8 255
24.713707 175 8 8 255
24.437591 182 8 8 255
24.162909 190 8 8 255
23.889661 196 8 8 255
23.617848 200 8 8 255
23.347469 204 8 8 255
23.078525 209 9 8 255
22.811015 213 12 8 255
22.544939 216 19 8 255
22.280298 219 28 8 255
22.017091 221 37 8 255
21.755319 222 46 8 255
21.494981 223 55 8 255
21.236077 223 63 8 255
20.978607 223 70 8 255
20.722572 224 78 8 255
20.467972 224 84 8 255
20.214805 224 89 8 255
19.963073 224 95 8 255
19.712776 224 103 8 255
19.463913 224 111 8 255
19.216484 224 119 8 255
18.970489 224 127 8 255
18.725929 224 135 8 255
18.482804 224 143 8 255
18.241112 224 151 8 255
18.000855 224 159 8 255
17.762033 224 166 8 255
17.524644 224 174 8 255
17.288691 224 180 8 255
17.054171 224 185 8 255
16.821086 224 191 8 255
16.589435 224 198 8 255
16.359219 224 205 8 255
16.130437 224 211 8 255
15.903089 224 217 8 255
15.677176 224 221 8 255
15.452697 225 224 8 255
15.229652 226 227 8 255
15.008042 223 229 8 255
14.787866 215 230 8 255
14.569125 205 230 8 255
14.351818 195 230 8 255
14.135945 187 229 8 255
13.921507 179 227 8 255
13.708503 169 225 8 255
13.496933 160 222 8 255
13.286798 151 219 8 255
13.078097 142 217 8 255
12.870831 134 214 8 255
12.664999 126 211 8 255
12.460601 118 209 8 255
12.257638 110 206 8 255
12.056109 103 204 8 255
11.856014 95 201 8 255
11.657354 89 199 8 255
11.460128 85 196 8 255
11.264337 80 192 8 255
11.069979 75 187 8 255
10.877057 70 182 8 255
10.685568 65 177 8 255
10.495514 60 172 8 255
10.306895 57 166 8 255
10.119709 55 161 8 255
9.933958 52 156 8 255
9.749642 47 151 8 255
9.56676 37 146 8 255
9.385312 24 141 9 255
9.205298 14 139 14 255
9.026719 9 138 24 255
8.849575 8 139 37 255
8.673864 8 140 48 255
8.499588 8 140 56 255
8.326747 8 137 63 255
8.15534 8 134 70 255
7.985367 8 132 75 255
7.816828 8 134 78 255
7.649724 8 138 79 255
7.484054 8 143 79 255
7.319819 8 148 79 255
7.157018 8 153 80 255
6.995651 8 159 80 255
6.835719 8 164 80 255
6.677221 8 169 80 255
6.520158 8 172 81 255
6.364529 8 175 84 255
6.210334 8 178 91 255
6.057573 8 181 99 255
5.906247 8 184 107 255
5.756356 8 188 112 255
5.607898 8 193 115 255
5.460876 8 199 117 255
5.315287 8 204 118 255
5.171133 8 209 118 255
5.028413 8 213 117 255
4.887128 8 216 115 255
4.747276 8 219 114 255
4.60886 8 221 114 255
4.471877 8 224 116 255
4.336329 8 226 123 255
4.202216 8 227 133 255
4.069537 8 229 147 255
3.938292 8 230 162 255
3.808481 8 231 178 255
3.680105 8 232 192 255
3.553163 8 234 202 255
3.427656 8 235 209 255
3.303583 8 237 216 255
3.180944 8 238 223 255
3.05974 8 238 229 255
2.93997 8 238 234 255
2.821635 8 237 236 255
2.704734 8 235 235 255
2.589267 8 233 233 255
2.475234 8 230 230 255
2.362636 8 227 227 255
2.251473 8 225 225 255
2.141743 8 222 222 255
2.033448 8 219 219 255
1.926588 8 216 216 255
1.821162 8 213 213 255
1.71717 8 209 209 255
1.614612 8 204 204 255
1.513489 8 200 200 255
1.413801 8 197 197 255
1.315546 8 192 192 255
1.218726 8 187 187 255
1.123341 8 182 182 255
1.029389 8 177 177 255
0.936873 8 172 172 255
0.84579 8 166 169 255
0.756142 8 161 167 255
0.667928 8 156 166 255
0.581149 8 150 165 255
0.495804 8 145 163 255
0.411893 8 140 162 255
0.329417 8 136 160 255
0.248375 8 133 159 255
0.168767 8 128 159 255
0.090594 8 123 158 255
0.013855 8 118 157 255
-0.061449 8 113 155 255  
-1.000000 8 10 118 255 
-2.000000 0 50 255 255
-3.000000 4 20 150 255
-5.00000 8 54 106 255
-8.00000 4 25 130 255 
-10.00000 50 0 150 255
-15.00000 91 50 128 255
-20.00000 220 220 220 255
-25.00000 91 10 168 255
-30.00000 0 0 40 255